1000
1001
1004
1005
101
1010
1012
102
1024
1025
1026
1028
103
1033
1035
1036
1037
1038
1039
104
1040
1041
1042
1043
1044
1045
1046
1047
1048
105
1050
1056
1057
1058
1059
106
1060
1061
1062
1063
1064
1065
1066
1067
1068
1070
1071
1073
1075
1084
1085
1086
1087
1088
116
1162
1163
1164
1165
1166
1167
1168
1169
1170
1171
1172
1173
1174
1175
1177
1178
1179
118
1187
1188
1189
1190
1191
1192
1193
1194
1195
1196
127
128
129
1292
1298
1299
130
1301
1302
1303
1304
1305
1306
1307
1308
1309
131
1310
1311
1312
1313
1314
132
1320
1321
1322
1323
1324
1325
1326
1327
1328
1329
133
1330
1331
1334
1336
1337
1338
1340
1348
1349
135
1350
1351
1352
1353
1354
1355
1356
1357
1358
1360
1361
1362
1368
137
1375
1376
1377
1378
1379
1380
1381
1382
1383
1384
1386
1387
1388
1395
1396
1397
1398
1399
1400
1401
1403
1404
1406
1407
1408
1418
1419
1420
1421
1423
1424
1425
1426
1427
1428
1429
1430
1431
144
1441
1442
1443
1444
1445
1446
1447
1448
1449
145
1451
1452
1453
1457
146
1464
1465
1466
1467
1468
1469
147
1470
1471
1473
1474
1475
1476
148
1484
1485
149
150
151
152
153
1539
154
1541
1542
1543
1544
1545
1547
1548
1549
1550
1551
1552
1562
1563
1564
1565
1566
1567
1568
1569
1570
1571
1572
1573
1574
1575
158
1586
1587
1588
1589
159
1590
166
167
168
169
170
171
172
173
1731
1732
1733
1734
1735
1736
1737
1738
1739
174
1740
1741
1742
1743
1744
175
1755
1756
1757
1758
176
1760
1761
1762
1764
1765
177
1776
1777
1778
1779
178
1780
1781
1782
1783
1784
1785
1786
1787
1788
179
1799
180
1800
1801
1803
1804
1805
1806
1807
1808
1809
181
1810
1811
1812
182
1823
1824
1825
1826
1827
1828
1829
183
1830
1831
1833
1834
1835
184
1846
1847
1848
1849
1850
1851
1853
1854
1855
1856
1857
1858
1859
1869
1870
1871
1872
1873
1874
1875
1876
1877
1878
1879
1880
1881
1882
1883
1884
1885
1886
190
191
193
194
196
197
198
199
200
201
203
204
205
206
207
208
209
210
211
212
213
214
215
218
338
339
340
341
342
343
344
345
346
347
348
361
362
363
364
440
441
442
443
444
445
446
447
448
449
450
451
452
453
454
465
466
468
469
470
471
472
473
474
476
477
478
488
490
491
492
493
494
495
496
497
498
499
500
501
502
503
515
516
517
518
519
520
521
522
523
524
525
526
537
538
539
540
541
542
543
546
547
548
549
55
550
551
552
553
554
555
556
557
558
559
56
560
561
562
563
565
566
567
568
57
570
571
573
574
576
58
580
581
582
583
584
585
586
587
59
591
593
594
595
596
597
598
60
600
601
602
603
604
605
606
607
608
609
61
610
611
612
613
614
615
616
617
618
619
62
620
621
622
623
624
625
626
63
634
637
638
639
64
640
641
642
643
644
645
646
647
648
65
653
654
655
656
66
663
664
67
79
80
81
82
83
84
85
86
87
88
89
897
898
899
90
900
901
902
903
904
905
906
907
908
909
910
911
912
923
924
925
926
927
928
931
932
933
934
935
936
937
939
940
941
947
948
949
950
951
952
953
954
958
968
969
970
971
972
973
974
975
977
978
979
993
994
995
996
997
998
999
a(10)
a(100)
a(101)
a(102)
a(103)
a(104)
a(105)
a(106)
a(107)
a(108)
a(109)
a(11)
a(110)
a(111)
a(112)
a(113)
a(114)
a(115)
a(116)
a(117)
a(118)
a(119)
a(12)
a(120)
a(121)
a(122)
a(123)
a(124)
a(125)
a(126)
a(127)
a(128)
a(129)
a(13)
a(130)
a(132)
a(133)
a(134)
a(135)
a(136)
a(137)
a(138)
a(139)
a(14)
a(140)
a(141)
a(142)
a(143)
a(144)
a(145)
a(146)
a(147)
a(148)
a(149)
a(15)
a(150)
a(151)
a(152)
a(153)
a(154)
a(155)
a(156)
a(157)
a(158)
a(159)
a(16)
a(17)
a(19)
a(2)
a(20)
a(21)
a(22)
a(23)
a(24)
a(25)
a(26)
a(27)
a(28)
a(29)
a(3)
a(30)
a(31)
a(32)
a(34)
a(35)
a(36)
a(37)
a(38)
a(39)
a(4)
a(40)
a(41)
a(42)
a(43)
a(44)
a(45)
a(46)
a(47)
a(48)
a(49)
a(5)
a(50)
a(51)
a(52)
a(53)
a(54)
a(55)
a(56)
a(57)
a(58)
a(59)
a(6)
a(60)
a(61)
a(62)
a(63)
a(64)
a(65)
a(66)
a(67)
a(68)
a(69)
a(7)
a(70)
a(71)
a(72)
a(73)
a(74)
a(75)
a(76)
a(77)
a(78)
a(79)
a(8)
a(80)
a(81)
a(82)
a(83)
a(84)
a(85)
a(86)
a(87)
a(88)
a(89)
a(9)
a(90)
a(91)
a(92)
a(93)
a(94)
a(95)
a(96)
a(97)
a(98)
a(99)
